0.99956715 
0.0008895695 
0.0010278821 
0.010195404 
0.001108557 
0.0011977553 
0.0026465356 
0.001840353 
0.0027985275 
0.0021910667 

0.9997587 
0.002476573 
0.0072662234 
0.0011231899 
0.002550453 
0.001269728 
0.0006583929 
0.0017397106 
0.0015519559 
0.0017195642 

0.00028538704 
0.00020113587 
0.0006764233 
0.0009867847 
0.0004274845 
0.00055998564 
0.0007801652 
0.0004953742 
0.0014407933 
0.00034093857 

0.0009956062 0.00064501166 0.00015112758 0.00045374036 0.0012067556 0.00049075484 0.00025573373 0.0007199943 0.0016775727 0.001783818 0.0044234395 0.0015250444 0.00043681264 0.00051122904 0.001235038 0.0013923347 0.0014744997 0.00094538927 0.0008755326 0.00057956576 0.0008430779 0.0002528131 0.0020437837 0.0031730533 9.8735094e-05 0.00068739057 0.0010521412 0.00056263804 0.0003631711 0.0015971661 0.0008301437 0.00045987964 0.00025302172 0.00012412667 0.0015105605 0.00043717027 8.934736e-05 0.00024977326 0.00029489398 0.0001963973 0.00056535006 0.0019376576 0.0005016327 0.00097572803 0.0002619624 0.0009854734 0.0019233525 0.0010702908 0.0006633103 0.00066900253 0.0003812015 0.0003670454 0.0004336536 0.00010159612 0.00086805224 0.0004989207 0.00034436584 0.00018721819 0.00076025724 0.00019910932 0.009103626 0.0008753538 0.00022751093 0.0006172657 0.00070363283 0.00037145615 0.0016676504 0.0006112687 0.00022287788 0.00042164224
